0.283822,0.358658,0.35752
0.323211,0.376883,0.299907
0.342061,0.38118,0.276759
0.327776,0.372403,0.299822
0.319936,0.386695,0.29337
0.294253,0.365082,0.340665
0.323516,0.376732,0.299753
0.313413,0.385379,0.301208
0.314144,0.374884,0.310972
0.300332,0.362712,0.336956
0.297793,0.361987,0.340219
0.302266,0.381586,0.316148
0.31353,0.378764,0.307705
0.329132,0.378906,0.291962
0.318194,0.385884,0.295922
0.290554,0.362377,0.347069
0.321671,0.373863,0.304466
0.313923,0.383379,0.302698
0.297213,0.378908,0.323879
0.296412,0.36815,0.335438
0.285328,0.356345,0.358327
0.288675,0.358633,0.352692
0.299665,0.380629,0.319706
0.289034,0.380272,0.330694
0.260948,0.354918,0.384135
0.301647,0.372325,0.326028
0.299208,0.381252,0.319541
0.274867,0.360581,0.364552
0.313223,0.37671,0.310066
0.33441,0.381846,0.283744
0.346484,0.381086,0.27243
0.331963,0.389019,0.279018
0.303413,0.365001,0.331586
0.328375,0.373454,0.298171
0.315868,0.365728,0.318403
0.311958,0.366205,0.321837
0.345554,0.383802,0.270645
0.354863,0.384546,0.260591
0.358299,0.380274,0.261428
0.338295,0.388686,0.273018
0.32983,0.371389,0.298782
0.339397,0.368707,0.291897
0.328866,0.378328,0.292807
0.309955,0.375754,0.314291
0.280651,0.352642,0.366707
0.277676,0.35,0.372324
0.292635,0.372659,0.334706
0.310283,0.375585,0.314132
0.328823,0.378228,0.292949
0.315763,0.368904,0.315333
0.343631,0.38017,0.276199
0.353814,0.380073,0.266112
0.336629,0.389005,0.274366
0.329363,0.372951,0.297686
0.339419,0.370294,0.290287
0.328906,0.379644,0.29145
0.32549,0.368017,0.306493
0.318391,0.376539,0.30507
0.291662,0.356187,0.352151
0.297549,0.37086,0.331591
0.286792,0.3713,0.341908
0.273976,0.366271,0.359753
0.246334,0.343407,0.410259
0.29542,0.367891,0.336689
0.290649,0.36341,0.345941
0.296176,0.367919,0.335905
0.339149,0.389638,0.271213
0.32385,0.382292,0.293857
0.312455,0.377441,0.310105
0.339622,0.389676,0.270702
0.319522,0.396242,0.284237
0.314685,0.379712,0.305603
0.304031,0.381551,0.314418
0.302721,0.370208,0.327071
0.299184,0.375141,0.325674
0.303119,0.368595,0.328286
0.323046,0.371182,0.305771
0.31891,0.380458,0.300632
0.294013,0.360345,0.345642
0.291269,0.357924,0.350807
0.335229,0.380133,0.284638
0.323193,0.391072,0.285735
0.296941,0.367667,0.335392
0.294479,0.376922,0.328598
0.281296,0.372762,0.345942
0.252945,0.348013,0.399041
0.253762,0.344894,0.401344
0.274848,0.367324,0.357828
0.260349,0.355365,0.384286
0.263621,0.355068,0.381311
0.273064,0.361636,0.3653
0.281614,0.380006,0.33838
0.263708,0.362838,0.373453
0.302162,0.379182,0.318655
0.290221,0.370638,0.339141
0.325092,0.386233,0.288675
0.310388,0.392562,0.29705
0.308755,0.379187,0.312058
0.293595,0.364862,0.341544
0.290811,0.362251,0.346938
0.332589,0.38349,0.283921
0.346733,0.386362,0.266905
0.330374,0.376016,0.29361
0.318617,0.371227,0.310155
0.34514,0.383904,0.270956
0.325985,0.392689,0.281326
0.303138,0.384029,0.312833
0.297538,0.368706,0.333756
0.294424,0.372406,0.33317
0.281897,0.368837,0.349266
0.270206,0.363542,0.366252
0.243458,0.341741,0.4148
0.264646,0.357491,0.377863
0.263927,0.362021,0.374052
0.27818,0.364726,0.357094
0.270673,0.355182,0.374145
0.27961,0.360044,0.360345
0.331431,0.387264,0.281305
0.319193,0.396866,0.283941
0.29898,0.387899,0.313121
0.278787,0.374849,0.346364
0.262809,0.363201,0.37399
0.267738,0.358716,0.373546
0.275677,0.364367,0.359956
0.270255,0.364795,0.36495
0.280414,0.364529,0.355057
0.308693,0.37156,0.319746
0.309457,0.380906,0.309636
0.296587,0.378521,0.324892
0.282262,0.371984,0.345753
0.269829,0.365019,0.365151
0.242382,0.342434,0.415185
0.293476,0.367967,0.338556
0.298343,0.379387,0.32227
0.276307,0.361486,0.362207
0.31739,0.378726,0.303884
0.311561,0.387693,0.300746
0.313658,0.377709,0.308633
0.30733,0.382224,0.310446
0.290997,0.376117,0.332886
0.261168,0.351174,0.387658
0.261991,0.348109,0.3899
0.274052,0.35679,0.369158
0.289653,0.380204,0.330142
0.308161,0.38243,0.309409
0.293627,0.369911,0.336461
0.29424,0.381339,0.324421
0.27077,0.36072,0.36851
0.276329,0.370056,0.353615
0.291047,0.371316,0.337637
0.288882,0.375713,0.335405
0.295705,0.370861,0.333434
0.317131,0.374068,0.308801
0.306967,0.365252,0.327781
0.310852,0.381956,0.307192
0.317482,0.376488,0.30603
0.304036,0.365412,0.330552
0.305502,0.380503,0.313996
0.313231,0.375506,0.311263
0.32959,0.376158,0.294252
0.343003,0.375623,0.281374
0.352627,0.373513,0.27386
0.339243,0.364495,0.296262
0.330678,0.363012,0.30631
0.32459,0.366007,0.309403
0.35342,0.382007,0.264573
0.332237,0.392998,0.274765
0.327398,0.37683,0.295772
0.310754,0.363548,0.325698
0.303513,0.360901,0.335586
0.304668,0.380042,0.31529
0.290405,0.378265,0.331329
0.273584,0.369222,0.357193
0.276676,0.361914,0.36141
0.280284,0.366686,0.35303
0.291054,0.366647,0.342299
0.316359,0.372136,0.311505
0.307935,0.36424,0.327824
0.342739,0.379033,0.278229
0.329707,0.372318,0.297975
0.32197,0.388112,0.289918
0.32374,0.37804,0.29822
0.335597,0.376056,0.288347
0.324188,0.383882,0.29193
0.296799,0.361005,0.342196
0.29752,0.373004,0.329476
0.285373,0.371477,0.34315
0.257273,0.34848,0.394246
0.259132,0.346685,0.394182
0.317396,0.379005,0.303599
0.308364,0.374679,0.316958
0.305177,0.374389,0.320434
0.301684,0.389294,0.309022
0.309636,0.382486,0.307878
0.293402,0.367928,0.33867
0.325585,0.380968,0.293448
0.340423,0.383273,0.276304
0.348976,0.380764,0.270259
0.333103,0.370502,0.296394
0.3227,0.384122,0.293178
0.303146,0.380046,0.316808
0.283479,0.371239,0.345283
0.267618,0.362426,0.369956
0.2728,0.358689,0.368511
0.301969,0.366872,0.331159
0.327547,0.372943,0.29951
0.323226,0.383118,0.293657
0.323662,0.372631,0.303707
0.337879,0.371687,0.290434
0.326033,0.363061,0.310907
0.35214,0.373414,0.274445
0.36117,0.373438,0.265393
0.346431,0.365331,0.288238
0.334944,0.36388,0.301175
0.357986,0.376572,0.265442
0.363136,0.37683,0.260034
0.341478,0.387456,0.271066
0.332951,0.370961,0.296088
0.317582,0.359507,0.322911
0.311418,0.358289,0.330293
0.310821,0.362884,0.326295
0.309415,0.384164,0.306421
0.288942,0.365274,0.345783
0.2862,0.375159,0.338641
0.263309,0.354716,0.381975
0.270032,0.365064,0.364904
0.287944,0.369117,0.342938
0.286139,0.373985,0.339877
0.261059,0.353396,0.385545
0.305196,0.373389,0.321415
0.296385,0.367358,0.336257
0.334606,0.385026,0.280368
0.320709,0.377429,0.301862
0.344852,0.386566,0.268581
0.327604,0.377489,0.294908
0.346312,0.384533,0.269155
0.327104,0.392392,0.280504
0.297569,0.366624,0.335807
0.322562,0.37459,0.302848
0.338878,0.377138,0.283984
0.325931,0.385819,0.288251
0.322772,0.372621,0.304607
0.335439,0.371149,0.293412
0.326201,0.380317,0.293481
0.324086,0.368899,0.307015
0.317737,0.377033,0.30523
0.290947,0.35659,0.352462
0.324942,0.370823,0.304236
0.314844,0.364537,0.320619
0.346615,0.379405,0.273981
0.331393,0.390297,0.27831
0.327612,0.376079,0.296309
0.338149,0.373292,0.288559
0.324334,0.363665,0.312001
0.349365,0.373756,0.276879
0.333991,0.38559,0.280419
0.330418,0.372198,0.297384
0.315928,0.361271,0.322801
0.313819,0.377691,0.30849
0.298211,0.376564,0.325225
0.281847,0.369794,0.348359
0.251997,0.345211,0.402792
0.253967,0.343386,0.402647
0.26887,0.353938,0.377192
0.282988,0.36569,0.351322
0.290995,0.386215,0.322789
0.272876,0.368094,0.35903
0.30799,0.381997,0.310013
0.298392,0.38727,0.314338
0.270717,0.362361,0.366922
0.274692,0.369088,0.35622
0.252373,0.350263,0.397364
0.298973,0.372829,0.328198
0.296551,0.381962,0.321487
0.303019,0.37629,0.320691
0.298407,0.380139,0.321454
0.300915,0.371995,0.32709
0.299152,0.377067,0.323781
0.285862,0.373021,0.341118
0.257517,0.349808,0.392674
0.273296,0.363097,0.363607
0.255098,0.349311,0.395591
0.306559,0.375165,0.318275
0.299041,0.370058,0.330901
0.302873,0.386103,0.311023
0.288674,0.381943,0.329383
0.272206,0.371157,0.356636
0.241647,0.344088,0.414265
0.288764,0.366495,0.344741
0.292564,0.376909,0.330528
0.270483,0.358815,0.370702
0.27188,0.356888,0.371232
0.280181,0.363079,0.35674
0.329998,0.389895,0.280107
0.315493,0.383142,0.301365
0.305374,0.377843,0.316784
0.297624,0.374851,0.327525
0.330443,0.390972,0.278584
0.341035,0.391976,0.266989
0.32205,0.379079,0.298871
0.308355,0.37157,0.320075
0.300832,0.384228,0.314941
0.283564,0.378,0.338436
0.284607,0.367385,0.348008
0.272341,0.353755,0.373904
0.317661,0.375424,0.306915
0.311502,0.385604,0.302894
0.286536,0.364175,0.349288
0.281572,0.359324,0.359105
0.285848,0.363172,0.350981
0.332257,0.387832,0.279911
0.317939,0.380784,0.301277
0.307107,0.391197,0.301696
0.280776,0.366883,0.352342
0.311617,0.377879,0.310504
0.3028,0.384422,0.312778
0.305663,0.37504,0.319297
0.291662,0.362262,0.346075
0.290555,0.361571,0.347874
0.334197,0.383662,0.282141
0.320652,0.376903,0.302446
0.31222,0.374132,0.313648
0.305978,0.373456,0.320566
0.337397,0.389814,0.272789
0.346763,0.390194,0.263043
0.325258,0.395226,0.279517
0.31773,0.376992,0.305279
0.32886,0.373435,0.297705
0.319665,0.380735,0.2996
0.318202,0.369548,0.312249
0.33271,0.369701,0.297589
0.346207,0.369533,0.28426
0.33467,0.36137,0.30396
0.329724,0.379607,0.290669
0.331346,0.371454,0.2972
0.342852,0.370899,0.286248
0.352139,0.370123,0.277739
0.359542,0.3681,0.272358
0.364836,0.365594,0.26957
0.35095,0.358042,0.291008
0.365911,0.365187,0.268903
0.346906,0.379581,0.273513
0.321012,0.358847,0.320141
0.309518,0.355674,0.334808
0.308629,0.37648,0.31489
0.318938,0.373509,0.307553
0.333381,0.374687,0.291932
0.319476,0.365548,0.314976
0.314118,0.364764,0.321118
0.346576,0.381682,0.271743
0.328474,0.392368,0.279158
0.300453,0.367678,0.331869
0.289861,0.359921,0.350218
0.329482,0.379775,0.290744
0.344611,0.383566,0.271823
0.327365,0.391398,0.281237
0.298343,0.366182,0.335475
0.294733,0.374768,0.330499
0.280791,0.370978,0.34823
0.252809,0.347056,0.400136
0.297469,0.368549,0.333982
0.291101,0.363316,0.345583
0.33372,0.383616,0.282664
0.320803,0.376656,0.302541
0.313313,0.374207,0.31248
0.306354,0.388981,0.304666
0.28206,0.366723,0.351217
0.280549,0.373683,0.345768
0.269001,0.368615,0.362384
0.240963,0.343391,0.415646
0.288271,0.366441,0.345288
0.290543,0.376586,0.332871
0.301022,0.374332,0.324646
0.297723,0.37926,0.323017
0.27125,0.35768,0.371071
0.31153,0.374543,0.313927
0.307857,0.383915,0.308228
0.29266,0.379402,0.327938
0.263026,0.354024,0.38295
0.274565,0.364833,0.360603
0.291122,0.369024,0.339854
0.292162,0.375569,0.33227
0.299668,0.371655,0.328677
0.289481,0.361043,0.349476
0.292588,0.362703,0.344709
0.298163,0.368595,0.333242
0.340219,0.390318,0.269463
0.322398,0.398904,0.278698
0.318757,0.382434,0.298809
0.329341,0.378064,0.292595
0.340268,0.375741,0.283991
0.328485,0.383935,0.28758
0.30088,0.361439,0.337681
0.301109,0.373561,0.32533
0.309032,0.37001,0.320957
0.327441,0.372712,0.299847
0.320349,0.381926,0.297726
0.294473,0.360855,0.344672
0.32646,0.373364,0.300176
0.343676,0.376572,0.279752
0.353515,0.375762,0.270723
0.338462,0.385596,0.275942
0.315962,0.380946,0.303092
0.295441,0.373277,0.331281
0.264617,0.348401,0.386981
0.277012,0.361609,0.361378
0.257898,0.347676,0.394426
0.275329,0.365246,0.359426
0.270993,0.367695,0.361312
0.281256,0.366336,0.352408
0.271967,0.355543,0.37249
0.287541,0.373656,0.338803
0.30353,0.375783,0.320686
0.324162,0.378735,0.297104
0.339285,0.379097,0.281617
0.349527,0.377098,0.273375
0.335889,0.367625,0.296486
0.355413,0.374622,0.269965
0.3379,0.386308,0.275793
0.310243,0.363696,0.326061
0.304608,0.375301,0.320091
0.310586,0.370039,0.319375
0.29778,0.359605,0.342615
0.297447,0.360807,0.341745
0.30091,0.3664,0.332691
0.341347,0.388011,0.270642
0.323115,0.397191,0.279694
0.300547,0.387237,0.312216
0.267825,0.357068,0.375107
0.301444,0.369768,0.328787
0.299476,0.378392,0.322132
0.275646,0.35849,0.365864
0.274425,0.355752,0.369823
0.281632,0.361718,0.356651
0.330666,0.388549,0.280784
0.315282,0.39734,0.287377
0.29421,0.386921,0.31887
0.289328,0.371186,0.339486
0.309051,0.371854,0.319095
0.299273,0.362098,0.338628
0.305833,0.379321,0.314846
0.314624,0.375678,0.309699
0.331246,0.376332,0.292421
0.344301,0.37557,0.280129
0.332396,0.384737,0.282867
0.311602,0.380295,0.308103
0.292292,0.372838,0.334871
0.290918,0.363274,0.345808
0.313884,0.367325,0.318791
0.334542,0.370882,0.294576
0.328442,0.3815,0.290058
0.327517,0.370475,0.302008
0.321028,0.378827,0.300145
0.304026,0.375735,0.32024
0.302111,0.365758,0.332131
0.291709,0.355362,0.352929
0.295611,0.358406,0.345983
0.340805,0.381774,0.277422
0.354177,0.384337,0.261486
0.338426,0.37477,0.286804
0.326211,0.370601,0.303188
0.31572,0.386881,0.297398
0.29672,0.381903,0.321376
0.294778,0.369236,0.335986
0.313887,0.370738,0.315375
0.309657,0.378775,0.311567
0.284567,0.358326,0.357107
0.291237,0.371703,0.33706
0.281157,0.371123,0.34772
0.287004,0.36643,0.346566
0.277462,0.35552,0.367018
0.291544,0.373987,0.33447
0.306531,0.375282,0.318187
0.295109,0.364974,0.339917
0.294959,0.365317,0.339724
0.337034,0.386199,0.276767
0.349735,0.388053,0.262212
0.33075,0.394996,0.274254
0.323151,0.377303,0.299546
0.312984,0.381366,0.305649
0.294664,0.375,0.330336
0.278494,0.367437,0.354069
0.281276,0.361449,0.357275
0.286068,0.367879,0.346054
0.263585,0.350942,0.385473
0.269524,0.352567,0.377909
0.282544,0.362092,0.355364
0.292921,0.37123,0.335849
0.297276,0.376697,0.326027
0.334753,0.396225,0.269022
0.317364,0.386599,0.296037
0.335877,0.392042,0.272081
0.316643,0.38009,0.303267
0.303597,0.387776,0.308627
0.284611,0.378996,0.336392
0.266167,0.366503,0.36733
0.235803,0.339586,0.424611
0.239795,0.337056,0.423149
0.265916,0.361089,0.372996
0.265462,0.366607,0.367931
0.257153,0.361575,0.381272
0.231215,0.338602,0.430182
0.283615,0.36557,0.350815
0.317775,0.379602,0.302623
0.312061,0.388203,0.299736
0.313452,0.377749,0.308799
0.300509,0.365505,0.333986
0.30434,0.379878,0.315782
0.312292,0.375223,0.312486
0.299018,0.36424,0.336742
0.297787,0.363952,0.338261
0.302003,0.383078,0.314919
0.28109,0.364592,0.354318
0.283103,0.3745,0.342397
0.261094,0.354907,0.383999
0.269964,0.365617,0.364419
0.263401,0.364504,0.372095
0.238137,0.341972,0.419891
0.255764,0.354295,0.38994
0.254733,0.357364,0.387903
0.269463,0.360854,0.369683
0.300393,0.370857,0.328749
0.325291,0.377409,0.297301
0.318938,0.386201,0.29486
0.292722,0.364519,0.342759
0.288027,0.360079,0.351893
0.331791,0.381697,0.286511
0.319855,0.391699,0.288445
0.299801,0.384571,0.315628
0.29633,0.370509,0.333161
0.315581,0.371408,0.313011
0.305504,0.362183,0.332313
0.310652,0.379905,0.309443
0.318596,0.375178,0.306226
0.334119,0.375453,0.290428
0.34633,0.374538,0.279132
0.333989,0.38411,0.281901
0.329293,0.370258,0.30045
0.31599,0.359891,0.324119
0.344407,0.371777,0.283816
0.355842,0.373424,0.270734
0.36191,0.371717,0.266373
0.344469,0.383029,0.272502
0.317339,0.360626,0.322035
0.311509,0.373726,0.314766
0.316224,0.368133,0.315643
0.309632,0.376297,0.314071
0.28376,0.355858,0.360382
0.320272,0.371836,0.307892
0.314259,0.3827,0.303041
0.289081,0.362214,0.348706
0.322955,0.3758,0.301245
0.315043,0.385294,0.299663
0.316287,0.375273,0.30844
0.33086,0.374679,0.294461
0.32206,0.383009,0.294931
0.320425,0.371335,0.30824
0.334495,0.370917,0.294588
0.323062,0.362106,0.314832
0.31936,0.362757,0.317883
0.317797,0.367226,0.314976
0.350476,0.385072,0.264452
0.333843,0.377773,0.288384
0.350961,0.384583,0.264456
0.332888,0.375019,0.292093
0.348747,0.381576,0.269677
0.35465,0.379866,0.265483
0.337486,0.369446,0.293068
0.322823,0.383478,0.293699
0.302627,0.379166,0.318206
0.283205,0.370312,0.346483
0.28297,0.361606,0.355424
0.285614,0.367172,0.347214
0.276558,0.366298,0.357144
0.266823,0.362451,0.370725
0.275478,0.361453,0.363069
0.282538,0.368306,0.349155
0.26072,0.351766,0.387514
0.267548,0.353407,0.379045
0.287913,0.376573,0.335514
0.27129,0.362503,0.366207
0.313819,0.381673,0.304508
0.302534,0.374076,0.32339
0.300831,0.386793,0.312376
0.276872,0.365117,0.358012
0.271369,0.358453,0.370178
0.318496,0.382967,0.298537
0.307437,0.391281,0.301282
0.308769,0.379838,0.311393
0.323268,0.378061,0.298671
0.310085,0.367108,0.322807
0.305824,0.365676,0.3285
0.305394,0.368643,0.325963
0.342065,0.387722,0.270213
0.351704,0.388582,0.259715
0.354558,0.384016,0.261426
0.356691,0.378104,0.265205
0.359267,0.372727,0.268005
0.362252,0.368341,0.269408
0.347814,0.359452,0.292735
0.362697,0.366176,0.271127
0.367265,0.36666,0.266075
0.369914,0.364624,0.265462
0.371522,0.362193,0.266285
0.372939,0.359822,0.267239
0.358937,0.352654,0.288409
0.370306,0.360406,0.269288
0.355222,0.35543,0.289348
0.368755,0.365229,0.266016
0.351976,0.360396,0.287628
0.33531,0.379783,0.284908
0.33544,0.36976,0.294801
0.344403,0.368842,0.286755
0.330384,0.379493,0.290123
0.326489,0.367679,0.305832
0.318034,0.376216,0.30575
0.316914,0.366839,0.316248
0.312281,0.375243,0.312476
0.313623,0.367604,0.318773
0.331342,0.369175,0.299484
0.325136,0.379604,0.29526
0.324356,0.3696,0.306044
0.338307,0.369615,0.292078
0.329824,0.380029,0.290147
0.327236,0.368811,0.303952
0.315141,0.359187,0.325672
0.344833,0.372105,0.283061
0.332385,0.365885,0.301731
0.325713,0.366756,0.307531
0.319,0.386324,0.294676
0.296096,0.365974,0.33793
0.286919,0.360436,0.352645
0.289547,0.377109,0.333344
0.269851,0.358878,0.371271
0.273772,0.368827,0.357401
0.253746,0.350801,0.395453
0.264355,0.362033,0.373612
0.246667,0.346952,0.406382
0.296492,0.372407,0.331101
0.293839,0.381749,0.324411
0.27995,0.376309,0.343741
0.264873,0.366157,0.36897
0.252987,0.356982,0.390031
0.261927,0.35662,0.381453
0.294276,0.367269,0.338456
0.299186,0.377094,0.32372
0.307151,0.373486,0.319364
0.327157,0.375186,0.297656
0.342793,0.3751,0.282107
0.331187,0.366347,0.302466
0.326853,0.382962,0.290185
0.328726,0.373751,0.297524
0.340523,0.37279,0.286687
0.327199,0.363723,0.309078
0.322521,0.380764,0.296715
0.305187,0.379132,0.315681
0.303826,0.36808,0.328093
0.322131,0.369767,0.308102
0.316874,0.379155,0.303971
0.318272,0.37023,0.311499
0.334117,0.370646,0.295238
0.323058,0.362173,0.314769
0.322466,0.380312,0.297222
0.298933,0.362103,0.338964
0.299188,0.375889,0.324923
0.30867,0.372608,0.318722
0.295529,0.361862,0.342609
0.294731,0.362466,0.342803
0.336866,0.384342,0.278792
0.350055,0.386711,0.263235
0.333305,0.376326,0.290369
0.319537,0.388249,0.292215
0.319428,0.376706,0.303867
0.308935,0.381124,0.309941
0.291006,0.374629,0.334365
0.290729,0.364969,0.344302
0.280056,0.353584,0.366361
0.324742,0.37488,0.300378
0.315462,0.369119,0.315418
0.346643,0.382978,0.270379
0.331443,0.375529,0.293028
0.35161,0.383151,0.265239
0.332085,0.392266,0.27565
0.326326,0.375798,0.297876
0.310462,0.362955,0.326584
0.337861,0.374383,0.287756
0.324784,0.367062,0.308154
0.350177,0.378343,0.27148
0.334283,0.37115,0.294567
0.353091,0.379775,0.267134
0.336351,0.371548,0.292102
0.353434,0.378876,0.267689
0.335781,0.370883,0.293335
0.352777,0.378362,0.268861
0.332713,0.388517,0.278769
0.326816,0.373486,0.299698
0.315528,0.379245,0.305227
0.286972,0.356465,0.356563
0.282909,0.352892,0.364199
0.329152,0.377681,0.293167
0.317935,0.372178,0.309887
0.312268,0.387862,0.29987
0.2884,0.366331,0.345268
0.286597,0.375177,0.338227
0.263739,0.354809,0.381452
0.262494,0.351322,0.386184
0.276898,0.37073,0.352372
0.297003,0.375931,0.327066
0.318202,0.379764,0.302034
0.333685,0.380782,0.285533
0.322184,0.387767,0.290049
0.301827,0.381109,0.317064
0.270797,0.35495,0.374252
0.279202,0.365367,0.35543
0.258587,0.349481,0.391932
0.273807,0.365038,0.361155
0.269171,0.366772,0.364058
0.260152,0.361573,0.378275
0.269356,0.360289,0.370355
0.261933,0.350047,0.38802
0.315902,0.377278,0.306819
0.338918,0.383951,0.277131
0.350346,0.38269,0.266964
0.356562,0.378511,0.264926
0.360749,0.373689,0.265562
0.346152,0.364178,0.28967
0.335049,0.361741,0.30321
0.327329,0.36434,0.30833
0.318008,0.384906,0.297086
0.299519,0.381967,0.318514
0.269363,0.354809,0.375828
0.263951,0.348238,0.387811
0.272028,0.354223,0.373748
0.282243,0.363255,0.354501
0.330485,0.390259,0.279256
0.315541,0.383225,0.301234
0.303982,0.377132,0.318886
0.295935,0.373531,0.330534
0.288755,0.38474,0.326505
0.266576,0.362407,0.371017
0.300768,0.376148,0.323084
0.322444,0.382633,0.294923
0.335593,0.383317,0.281089
0.34419,0.380953,0.274857
0.328614,0.370537,0.300849
0.319439,0.367002,0.313559
0.347908,0.380912,0.271181
0.356153,0.381101,0.262747
0.359502,0.37735,0.263148
0.361727,0.372764,0.265509
0.346361,0.363109,0.29053
0.334644,0.360532,0.304824
0.327252,0.362924,0.309824
0.318167,0.38371,0.298123
0.324201,0.376865,0.298935
0.335513,0.375521,0.288966
0.322614,0.383339,0.294048
0.319942,0.370616,0.309442
0.333502,0.369858,0.29664
0.346196,0.369455,0.284349
0.355448,0.368459,0.276094
0.341702,0.380037,0.278261
0.315222,0.35929,0.325488
0.306517,0.356248,0.337235
0.309395,0.377145,0.31346
0.319778,0.374268,0.305953
0.30533,0.363981,0.330689
0.305315,0.37975,0.314934
0.313157,0.375053,0.31179
0.299117,0.363787,0.337096
0.301953,0.378993,0.319054
0.288792,0.376686,0.334522
0.291527,0.368245,0.340228
0.280261,0.356188,0.363551
0.29194,0.373622,0.334437
0.271709,0.357735,0.370556
0.273155,0.356841,0.370004
0.324057,0.384103,0.29184
0.341954,0.389548,0.268498
0.349245,0.386824,0.263931
0.331034,0.392998,0.275967
0.301332,0.366719,0.331949
0.325342,0.373679,0.300979
0.312775,0.365403,0.321822
0.309066,0.365731,0.325203
0.343731,0.383894,0.272374
0.353709,0.384845,0.261446
0.357465,0.380652,0.261883
0.340193,0.370173,0.289635
0.325961,0.383624,0.290414
0.325493,0.372595,0.301911
0.314577,0.379171,0.306252
0.313026,0.368717,0.318258
0.300786,0.357895,0.341318
0.33611,0.373598,0.290292
0.32459,0.367272,0.308138
0.351457,0.379171,0.269372
0.333646,0.390289,0.276065
0.310763,0.384097,0.30514
0.289166,0.374123,0.336711
0.287025,0.3632,0.349775
0.310272,0.367223,0.322505
0.30201,0.359419,0.338571
0.305632,0.362778,0.33159
0.311316,0.384569,0.304115
0.297196,0.383282,0.319522
0.267641,0.357048,0.375311
0.274202,0.366039,0.359759
0.29025,0.368819,0.34093
0.280397,0.358596,0.361007
0.324505,0.379643,0.295853
0.313373,0.373221,0.313405
0.310071,0.387898,0.30203
0.31547,0.379815,0.304715
0.329042,0.3786,0.292358
0.318691,0.385243,0.296066
0.316202,0.372838,0.31096
0.330881,0.372046,0.297073
0.319235,0.362857,0.317907
0.347803,0.374524,0.277673
0.333486,0.386339,0.280174
0.312237,0.382143,0.30562
0.307225,0.368233,0.324541
0.294719,0.356468,0.348812
0.332321,0.373295,0.294384
0.321491,0.367169,0.311341
0.317915,0.368257,0.313828
0.31397,0.38722,0.29881
0.291008,0.366865,0.342127
0.288417,0.376141,0.335442
0.298525,0.372806,0.328669
0.29364,0.376888,0.329473
0.298613,0.37029,0.331097
0.28696,0.35888,0.35416
0.327627,0.377396,0.294976
0.344995,0.380776,0.27423
0.330756,0.372053,0.297192
0.321895,0.386553,0.291552
0.302755,0.382042,0.315203
0.27143,0.355497,0.373073
0.26722,0.349784,0.382996
0.282277,0.370205,0.347517
0.30166,0.375054,0.323286
0.289875,0.364476,0.345649
0.327899,0.381672,0.290429
0.343544,0.384348,0.272108
0.35149,0.381554,0.266956
0.356362,0.377051,0.266587
0.339442,0.385806,0.274752
0.311337,0.362166,0.326496
0.30635,0.373892,0.319758
0.31189,0.368811,0.3193
0.299088,0.359005,0.341907
0.304417,0.37674,0.318843
0.314082,0.374072,0.311846
0.307368,0.380735,0.311898
0.291603,0.375736,0.332661
0.276374,0.368064,0.355562
0.279737,0.362123,0.35814
0.306635,0.368434,0.324931
0.299881,0.361003,0.339117
0.309672,0.380552,0.309776
0.318856,0.376849,0.304296
0.334626,0.376951,0.288423
0.321583,0.36758,0.310837
0.316094,0.366566,0.31734
0.313631,0.38545,0.300919
0.290522,0.365692,0.343786
0.322024,0.378543,0.299433
0.311407,0.38668,0.301912
0.29308,0.379817,0.327103
0.291288,0.368007,0.340705
0.29064,0.372049,0.337312
0.297284,0.367809,0.334907
0.297793,0.37458,0.327627
0.303968,0.369785,0.326246
0.303706,0.376898,0.319396
0.308036,0.370398,0.321566
0.297561,0.360401,0.342038
0.299526,0.362299,0.338176
0.342084,0.383351,0.274565
0.327567,0.39401,0.278423
0.300116,0.369639,0.330245
0.295806,0.377914,0.326279
0.281788,0.373082,0.34513
0.253082,0.347994,0.398924
0.266264,0.359561,0.374176
0.248552,0.345561,0.405887
0.255549,0.347839,0.396612
0.27009,0.358272,0.371639
0.281874,0.368006,0.35012
0.287202,0.373771,0.339027
0.285505,0.387377,0.327119
0.264606,0.366019,0.369375
0.258224,0.356103,0.385673
0.305506,0.380706,0.313788
0.295402,0.387498,0.3171
0.298203,0.378011,0.323787
0.315037,0.377741,0.307221
0.330889,0.378083,0.291028
0.342756,0.376991,0.280253
0.329534,0.367453,0.303013
0.323401,0.382723,0.293876
0.325132,0.373728,0.301141
0.315404,0.380611,0.303985
0.297545,0.375668,0.326787
0.280998,0.368456,0.350546
0.268127,0.361816,0.370057
0.258966,0.356867,0.384166
0.252893,0.353653,0.393455
0.229544,0.334989,0.435467
0.241168,0.339186,0.419646
0.310774,0.379754,0.309473
0.337802,0.389724,0.272474
0.324716,0.396924,0.278359
0.303249,0.38768,0.309071
0.283155,0.375421,0.341424
0.281259,0.364311,0.35443
0.284542,0.3687,0.346757
0.293865,0.367304,0.33883
0.285596,0.357834,0.35657
0.291903,0.361539,0.346557
0.299621,0.36879,0.331589
0.303653,0.389011,0.307336
0.2897,0.385204,0.325096
0.272182,0.373075,0.354743
0.241331,0.344559,0.414109
0.242908,0.339942,0.417151
0.305995,0.375999,0.318005
0.299192,0.372618,0.32819
0.335945,0.389295,0.27476
0.320533,0.380737,0.29873
0.342085,0.388492,0.269423
0.349062,0.386721,0.264217
0.331307,0.375127,0.293566
0.317997,0.386313,0.29569
0.318465,0.375264,0.306271
0.302544,0.362924,0.334531
0.334042,0.376297,0.289662
0.321567,0.386486,0.291947
0.320893,0.374643,0.304464
0.333918,0.37319,0.292891
0.324411,0.381731,0.293858
0.322218,0.370005,0.307777
0.309741,0.359615,0.330644
0.341302,0.373,0.285697
0.329168,0.366543,0.304289
0.3541,0.377612,0.268288
0.360892,0.377438,0.26167
0.341608,0.387505,0.270886
0.313117,0.363604,0.323279
0.301731,0.357481,0.340788
0.337391,0.376273,0.286336
0.323178,0.387647,0.289175
0.29701,0.364742,0.338248
0.324855,0.375155,0.29999
0.311647,0.367265,0.321088
0.341881,0.380722,0.277397
0.35206,0.381541,0.2664
0.334158,0.38996,0.275882
0.30523,0.365237,0.329533
0.328183,0.373028,0.298789
0.318047,0.382456,0.299497
0.299484,0.378106,0.32241
0.28217,0.370114,0.347716
0.251954,0.345361,0.402685
0.297452,0.367032,0.335516
0.299471,0.37808,0.322449
0.288016,0.376393,0.335591
0.274703,0.369419,0.355878
0.279116,0.363692,0.357193
0.306171,0.369826,0.324003
0.32952,0.374467,0.296013
0.320073,0.366517,0.31341
0.31834,0.367072,0.314588
0.350795,0.383027,0.266178
0.335291,0.375866,0.288843
0.353225,0.383357,0.263418
0.332379,0.392645,0.274976
0.326154,0.375877,0.297969
0.314558,0.3807,0.304742
0.311712,0.368849,0.319439
0.307099,0.375314,0.317588
0.309296,0.367676,0.323028
0.327922,0.36958,0.302499
0.322723,0.379511,0.297766
0.322565,0.369916,0.307519
0.337308,0.369865,0.292826
0.349733,0.369352,0.280914
0.337966,0.361294,0.300741
0.359041,0.37049,0.270469
0.365518,0.370607,0.263875
0.346728,0.382942,0.27033
0.319801,0.360606,0.319593
0.308681,0.356182,0.335137
0.308472,0.376532,0.314996
0.294715,0.376372,0.328913
0.278102,0.369106,0.352792
0.248841,0.344007,0.407152
0.263736,0.356721,0.379543
0.261803,0.359934,0.378263
0.23864,0.340814,0.420546
0.292283,0.368863,0.338854
0.323628,0.381131,0.295242
0.340725,0.383682,0.275593
0.350383,0.381157,0.26846
0.356164,0.377073,0.266764
0.341257,0.367425,0.291318
0.357185,0.373357,0.269458
0.36297,0.372319,0.264711
0.365656,0.369669,0.264674
0.350032,0.361526,0.288443
0.335624,0.378781,0.285595
0.314642,0.377681,0.307677
0.31075,0.365636,0.323614
0.305444,0.372636,0.32192
0.279787,0.352731,0.367482
0.279541,0.35195,0.368509
0.288227,0.359842,0.351931
0.337119,0.386517,0.276365
0.323405,0.380371,0.296224
0.312161,0.392275,0.295564
0.314567,0.381168,0.304266
0.303083,0.383356,0.313561
0.273853,0.358097,0.36805
0.309384,0.372472,0.318144
0.299352,0.365333,0.335314
0.33657,0.382277,0.281153
0.3226,0.391796,0.285604
0.301654,0.384444,0.313902
0.269463,0.35655,0.373987
0.276476,0.36529,0.358233
0.291468,0.367852,0.34068
0.291976,0.374332,0.333693
0.280406,0.371316,0.348278
0.268566,0.365009,0.366425
0.241374,0.342265,0.416361
0.262392,0.357011,0.380598
0.286023,0.36775,0.346227
0.278632,0.359602,0.361765
0.292706,0.3779,0.329394
0.283366,0.377281,0.339354
0.255337,0.352873,0.39179
0.256303,0.348899,0.394798
0.314173,0.380468,0.305359
0.307224,0.390718,0.302058
0.281558,0.367679,0.350762
0.314388,0.379465,0.306148
0.306407,0.386463,0.30713
0.3084,0.376447,0.315152
0.302523,0.380313,0.317164
0.286907,0.374313,0.33878
0.27215,0.366425,0.361425
0.261036,0.359628,0.379336
0.234745,0.338098,0.427158
0.288826,0.366413,0.344762
0.286153,0.362814,0.351033
0.29921,0.382735,0.318055
0.288127,0.381388,0.330484
0.273315,0.372063,0.354622
0.243606,0.345647,0.410747
0.246681,0.342522,0.410798
0.309643,0.378026,0.312331
0.335737,0.387721,0.276543
0.322097,0.394923,0.282979
0.300976,0.385871,0.313153
0.295937,0.370639,0.333424
0.293868,0.373987,0.332145
0.26812,0.353199,0.37868
0.269875,0.351958,0.378167
0.280956,0.360212,0.358832
0.290983,0.369213,0.339804
0.335984,0.393332,0.270684
0.320127,0.385493,0.29438
0.306169,0.393549,0.300282
0.285899,0.383252,0.330849
0.254074,0.352934,0.392992
0.292294,0.368344,0.339362
0.291956,0.376704,0.33134
0.300869,0.373187,0.325944
0.297982,0.378205,0.323814
0.302241,0.3713,0.326459
0.291076,0.360321,0.348603
0.30004,0.377241,0.322719
0.311006,0.375242,0.313752
0.298873,0.364684,0.336443
0.334188,0.379953,0.285859
0.348321,0.381717,0.269962
0.332893,0.390207,0.2769
0.32712,0.374326,0.298555
0.317564,0.380318,0.302118
0.315202,0.368671,0.316127
0.302753,0.358194,0.339053
0.308499,0.376001,0.3155
0.317418,0.372705,0.309877
0.305014,0.362843,0.332143
0.303526,0.363392,0.333082
0.304732,0.36811,0.327157
0.304537,0.387353,0.308111
0.314711,0.38227,0.303019
0.298553,0.368538,0.332909
0.329143,0.380961,0.289896
0.343244,0.382498,0.274257
0.327484,0.389944,0.282573
0.305109,0.382453,0.312438
0.285151,0.372382,0.342467
0.269148,0.363364,0.367488
0.257983,0.356773,0.385244
0.251314,0.352838,0.395848
0.246939,0.350528,0.402532
0.224919,0.333019,0.442063
0.237575,0.337951,0.424475
0.309062,0.380008,0.31093
0.307027,0.392184,0.300789
0.291519,0.38596,0.322522
0.290783,0.373162,0.336055
0.290028,0.375524,0.334448
0.295663,0.369782,0.334555
0.286011,0.358916,0.355074
0.328493,0.377934,0.293573
0.346106,0.381076,0.272818
0.332311,0.390163,0.277526
0.304321,0.366395,0.329285
0.295456,0.360168,0.344377
0.29597,0.362918,0.341111
0.298639,0.368253,0.333108
0.298254,0.386564,0.315182
0.310269,0.382442,0.307288
0.29395,0.368207,0.337843
0.325949,0.381079,0.292972
0.34081,0.38309,0.276101
0.349056,0.380517,0.270428
0.332321,0.388338,0.279341
0.325693,0.37247,0.301837
0.311534,0.360768,0.327698
0.340038,0.372844,0.287118
0.352755,0.374419,0.272826
0.338247,0.36651,0.295243
0.328178,0.382948,0.288874
0.328601,0.373241,0.298157
0.312937,0.362606,0.324457
0.341157,0.374801,0.284041
0.327696,0.385775,0.28653
0.301378,0.363354,0.335267
0.328557,0.37363,0.297813
0.318478,0.38347,0.298053
0.319058,0.373024,0.307918
0.311188,0.379401,0.309411
0.284271,0.357372,0.358357
0.290227,0.370308,0.339464
0.280356,0.369925,0.349719
0.253333,0.347687,0.39898
0.300044,0.370175,0.329781
0.327781,0.379714,0.292505
0.316526,0.371831,0.311643
0.312003,0.370994,0.317003
0.308897,0.372783,0.31832
0.30453,0.389126,0.306344
0.281943,0.367493,0.350563
0.279437,0.374112,0.346451
0.256823,0.353119,0.390059
0.25602,0.348877,0.395103
0.271386,0.367818,0.360795
0.293389,0.374672,0.331938
0.280891,0.363377,0.355732
0.321185,0.381711,0.297104
0.31026,0.389737,0.300003
0.282983,0.365845,0.351172
0.284687,0.373539,0.341773
0.295341,0.371634,0.333024
0.283772,0.360292,0.355936
0.325434,0.37927,0.295296
0.313412,0.372649,0.313939
0.308501,0.371929,0.31957
0.341793,0.388028,0.270179
0.325302,0.379588,0.29511
0.313293,0.374563,0.312144
0.303649,0.387559,0.308793
0.310157,0.379399,0.310444
0.32399,0.378146,0.297864
0.33691,0.377123,0.285968
0.324849,0.384837,0.290314
0.297538,0.361809,0.340653
0.297513,0.373285,0.329202
0.28509,0.37147,0.34344
0.288969,0.365552,0.345479
0.312805,0.370337,0.316858
0.30413,0.362327,0.333543
0.340782,0.378214,0.281004
0.353392,0.379716,0.266891
0.338939,0.370706,0.290355
0.327176,0.385792,0.287032
0.307038,0.381715,0.311247
0.303572,0.368555,0.327873
0.289979,0.35634,0.353681
0.329089,0.374112,0.296799
0.318359,0.367883,0.313758
0.315925,0.385179,0.298896
0.292134,0.365174,0.342692
0.323152,0.377944,0.298905
0.309801,0.36993,0.320269
0.339937,0.38305,0.277013
0.350518,0.38333,0.266152
0.355571,0.379526,0.264903
0.339454,0.369034,0.291512
0.354526,0.374829,0.270645
0.360018,0.37402,0.265962
0.344205,0.365158,0.290636
0.329818,0.381545,0.288636
0.308705,0.379077,0.312218
0.305501,0.366787,0.327712
0.292477,0.355165,0.352358
0.300131,0.373139,0.32673
0.289013,0.373842,0.337145
0.275621,0.368014,0.356365
0.279832,0.362691,0.357477
0.284327,0.368559,0.347114
0.276386,0.367631,0.355984
0.250688,0.346684,0.402628
0.269608,0.361697,0.368694
0.290877,0.369798,0.339325
0.292707,0.376979,0.330314
0.300523,0.373016,0.326461
0.289893,0.362281,0.347826
0.299705,0.378848,0.321447
0.310309,0.376505,0.313187
0.328134,0.377888,0.293978
0.342216,0.377383,0.280401
0.351965,0.375088,0.272946
0.358711,0.371831,0.269458
0.343109,0.382492,0.2744
0.33591,0.367576,0.296514
0.32224,0.357898,0.319863
0.317205,0.35788,0.324916
0.317301,0.379978,0.302721
0.301704,0.379962,0.318334
0.283942,0.372278,0.34378
0.284905,0.363449,0.351646
0.28688,0.368765,0.344356
0.277717,0.367305,0.354978
0.251173,0.34603,0.402796
0.256643,0.346312,0.397045
0.280048,0.370598,0.349354
0.265478,0.358747,0.375775
0.276728,0.372176,0.351096
0.257058,0.355191,0.387751
0.302614,0.376624,0.320762
0.29289,0.370084,0.337027
0.3302,0.38709,0.28271
0.31565,0.394434,0.289916
0.313411,0.380225,0.306363
0.297572,0.366049,0.336379
0.299362,0.37858,0.322057
0.307783,0.374325,0.317892
0.325719,0.375772,0.298509
0.340368,0.375947,0.283685
0.350823,0.374204,0.274973
0.337189,0.365424,0.297387
0.329003,0.363887,0.30711
0.355475,0.377624,0.266902
0.362188,0.377678,0.260135
0.341647,0.38785,0.270503
0.317098,0.381832,0.301071
0.294993,0.373083,0.331924
0.26362,0.347458,0.388921
0.275175,0.360239,0.364586
0.270165,0.362735,0.3671
0.246576,0.343497,0.409926
0.252624,0.344701,0.402675
0.268947,0.356232,0.374821
0.285574,0.379943,0.334482
0.305412,0.383327,0.311261
0.291077,0.370449,0.338474
0.291681,0.381021,0.327299
0.300638,0.376738,0.322624
0.294519,0.379696,0.325785
0.279168,0.372743,0.348089
0.25001,0.347705,0.402285
0.295722,0.368765,0.335513
0.324568,0.378664,0.296768
0.317348,0.387603,0.295049
0.291143,0.365409,0.343448
0.286201,0.360298,0.353501
0.294444,0.378454,0.327102
0.274367,0.3612,0.364434
0.313841,0.378735,0.307424
0.334155,0.38402,0.281825
0.320855,0.390919,0.288227
0.300215,0.382821,0.316964
0.268575,0.355294,0.376131
0.276647,0.364715,0.358638
0.291609,0.367746,0.340644
0.316803,0.373804,0.309393
0.307101,0.36572,0.327178
0.341085,0.380323,0.278592
0.353009,0.381035,0.265955
0.337898,0.371715,0.290388
0.327024,0.368437,0.304538
0.351589,0.381165,0.267246
0.331294,0.39168,0.277026
0.326319,0.375997,0.297684
0.336112,0.372889,0.290999
0.322424,0.362781,0.314795
0.347886,0.373351,0.278763
0.333054,0.384967,0.28198
0.311597,0.380961,0.307442
0.291023,0.372935,0.336042
0.289568,0.362994,0.347437
0.312457,0.367131,0.320412
0.311965,0.376929,0.311105
0.316182,0.37023,0.313588
0.333119,0.371371,0.29551
0.3262,0.381314,0.292486
0.324996,0.370207,0.304797
0.318716,0.378482,0.302801
0.301861,0.375446,0.322693
0.300865,0.365769,0.333366
0.321354,0.368469,0.310177
0.312129,0.360683,0.327188
0.313162,0.363135,0.323703
0.315755,0.384905,0.29934
0.294142,0.366649,0.339209
0.325826,0.379572,0.294601
0.341352,0.38225,0.276398
0.326026,0.372326,0.301648
0.316686,0.369061,0.314254
0.310594,0.385644,0.303762
0.286839,0.3647,0.348461
0.317929,0.377592,0.30448
0.307858,0.385374,0.306769
0.289668,0.378513,0.331819
0.288685,0.367449,0.343866
0.288579,0.371387,0.340034
0.263506,0.35157,0.384924
0.308471,0.372276,0.319253
0.306874,0.382697,0.310429
0.282481,0.362759,0.35476
0.318913,0.37762,0.303467
0.338268,0.381482,0.28025
0.324712,0.372239,0.303049
0.34827,0.380924,0.270806
0.356298,0.379775,0.263928
0.359963,0.37614,0.263897
0.341268,0.385789,0.272942
0.317524,0.380303,0.302173
0.310215,0.365633,0.324152
0.297695,0.354462,0.347843
0.305124,0.372917,0.321959
0.315393,0.371428,0.313179
0.310202,0.379378,0.31042
0.312499,0.370898,0.316603
0.30038,0.360432,0.339188
0.300739,0.361479,0.337781
0.30441,0.367083,0.328507
0.305908,0.372554,0.321538
0.304572,0.375672,0.319757
0.338187,0.393061,0.268752
0.316873,0.399475,0.283651
0.312229,0.382104,0.305666
0.300773,0.382367,0.31686
0.282351,0.373341,0.344309
0.28237,0.364019,0.353612
0.284716,0.368668,0.346616
0.26159,0.350503,0.387908
0.266802,0.351259,0.381939
0.323055,0.381691,0.295254
0.34349,0.387625,0.268885
0.352151,0.385076,0.262773
0.356364,0.380161,0.263476
0.340701,0.369448,0.289851
0.327649,0.383584,0.288767
0.327129,0.372569,0.300302
0.338557,0.371422,0.29002
0.325198,0.362313,0.312489
0.321095,0.379587,0.299319
0.32511,0.372298,0.302592
0.337818,0.372421,0.28976
0.324763,0.36349,0.311747
0.318877,0.363436,0.317687
0.350483,0.379684,0.269833
0.359017,0.3803,0.260682
0.361792,0.376893,0.261315
0.345392,0.366976,0.287632
0.35873,0.372104,0.269166
0.342682,0.36473,0.292588
0.328137,0.382089,0.289774
0.328508,0.372382,0.299109
0.312253,0.361585,0.326162
0.305983,0.36076,0.333257
0.306634,0.380678,0.312688
0.317094,0.376848,0.306058
0.331098,0.377094,0.291808
0.342583,0.376334,0.281084
0.35157,0.37393,0.2745
0.358106,0.370827,0.271067
